.Random.seed <-
c(403L, 10L, -542310079L, 707034835L, -2023659902L, -1494782796L, 
2069271607L, -1191831763L, -1045425084L, 1525504362L, 1329444309L, 
-348892305L, 1731906166L, -559764064L, 887560803L, 1674939137L, 
-1725521296L, 1616387598L, 519730809L, 823345675L, 2021145402L, 
-1829461444L, -234659457L, -1824412971L, 748432108L, -1621058494L, 
2010346397L, -82638313L, 1042501502L, -709796552L, -1364551141L, 
-69155975L, 107230664L, 1524083190L, 647306289L, -1122640285L, 
-1659805134L, 1270361988L, -613777977L, 1889096861L, -1726245868L, 
-2076118342L, -197684475L, 967436511L, -461598362L, 1966183664L, 
-178692077L, 367953329L, -1539178400L, -56865282L, 1521146249L, 
1507159739L, 1453353610L, -1702554260L, 1557279471L, 419491109L, 
-2134901796L, -804513358L, 1731647661L, 1015122023L, -673128562L, 
-2114992024L, -1296378773L, -755384823L, -779419496L, -168891450L, 
-264052959L, 1438608307L, 960217890L, 1490916628L, -1782934121L, 
2050583949L, -862032732L, -1748595062L, 77137141L, -569230513L, 
442106966L, -1035122944L, 1043251779L, 151951841L, -2039759536L, 
-2049723474L, 1980821849L, -1957597333L, -298000678L, 688844700L, 
689263519L, 762591733L, -1988641652L, 1128416610L, 2114099517L, 
709145015L, -1193937314L, 730570648L, 2073620219L, 827950745L, 
384839464L, -635517482L, -1378612655L, 2125635843L, -1951990638L, 
-644287964L, 1169689831L, 1892671805L, 827594164L, 1742490138L, 
605516133L, -1506107393L, 323892870L, 1025592848L, 938480819L, 
1059663697L, -594099456L, 229087710L, 1738916393L, 1013887451L, 
1329929962L, 1649814668L, 1995183055L, -1408521339L, 1086244924L, 
-516749038L, 334093837L, 928615751L, -151320786L, 474299016L, 
1863134091L, 1522805609L, -1501453000L, -1413896218L, 1340030849L, 
1486231315L, 530677954L, 438541172L, -797612169L, -600653715L, 
-1992745212L, -2049663446L, 2134496149L, 234797103L, -1021193930L, 
1004024160L, 1560432547L, 926202049L, -369678160L, 65107918L, 
-1605031111L, 1224155979L, 1025071354L, 820118012L, 1793761855L, 
2072110869L, -241740756L, 1418784002L, 138331613L, 1261171927L, 
-733265986L, 589765112L, 825335259L, 217969721L, -2091567736L, 
-2010701514L, 1802197873L, -1467000413L, 1579705586L, -110634940L, 
-1547584761L, 23435997L, 1615397844L, 1875051258L, 1031870021L, 
-1816203617L, -1370237914L, -160235344L, 256407891L, 1016259697L, 
-518841952L, 130422078L, -505695159L, -1217658629L, 147089610L, 
-1648693716L, -1016360401L, 1100892901L, -1292398692L, 781249010L, 
1505379437L, 151659943L, 1846497230L, 1277725992L, -157012181L, 
61855049L, 1856871000L, -1610558714L, 136429281L, 1137859187L, 
-821124382L, 1778007636L, -2030876841L, -934839475L, 555863780L, 
1171984074L, 772853557L, 997074319L, 1919730326L, 1886509632L, 
-1111299325L, 1509128993L, 741833744L, -582603794L, 1146125209L, 
324674603L, -129875686L, 1827419100L, -812730913L, 582451637L, 
-335458484L, -1227446878L, -31087363L, 471034359L, 883173150L, 
545167832L, 1672459067L, -361990951L, -998377368L, 482086294L, 
1537152273L, -525789501L, -239585582L, 968558460L, 1004539186L, 
1987964528L, -237000892L, -459777064L, -126892166L, 61858864L, 
981444540L, -1656100268L, -1851414462L, -169470304L, -1341992260L, 
-772169776L, 1346257250L, 1465191144L, 1179487436L, -1383163396L, 
81342962L, -276100992L, -628261388L, 1924565640L, -970315974L, 
-556773040L, -256970644L, -1054657132L, -22150062L, -1488383520L, 
-1776107316L, 227330720L, -1565292158L, -1844425496L, 939037420L, 
-1334769348L, -676649870L, 598462064L, 973751844L, 1186560056L, 
836396314L, 499818704L, -1296081604L, 454066068L, 1581420418L, 
778723264L, 1868654140L, 228792720L, 1492120610L, 322296072L, 
-1568590708L, -1785371876L, 104261778L, -1836885632L, -807732204L, 
-1543794904L, 440063546L, 1551344080L, -1037020820L, -1930823756L, 
890179090L, 612561888L, -1075169844L, 1575163104L, -1060765662L, 
1599981352L, -716495348L, 927556412L, 1768354802L, -1089975568L, 
629295684L, 1876870744L, 1928546106L, 760259568L, -1656801604L, 
-1390873324L, -916074302L, -1898415008L, -1358071428L, -650369072L, 
1874405666L, 448167592L, -1338111092L, -1765774148L, -1292640462L, 
765514304L, 2078352564L, -765242296L, 1756936634L, 401264144L, 
1934571756L, -2135824044L, 1889380114L, 2105525664L, 1516677836L, 
-1720932768L, 1798000578L, -2071510232L, -1973125716L, 1388400956L, 
135458674L, 577093936L, -281682140L, -1673087688L, 2092260058L, 
-572090480L, 1248940796L, -1948688492L, -143058878L, -1024209664L, 
75181116L, -932151984L, 418621602L, 1330071368L, 563468044L, 
-1078543652L, 687686482L, -434208128L, 985901140L, -1548289048L, 
-1989806342L, -1473697456L, -1000537300L, -1828702348L, 871445394L, 
1683297888L, 812679052L, -1775705248L, 1367099362L, 322301864L, 
-1914676020L, -1808871940L, 1409878962L, -891934224L, 170248644L, 
1888416088L, -1148050054L, 480326064L, -1013887044L, -2062413740L, 
782533570L, 974349344L, 2102619324L, -349132208L, 704729058L, 
1746482792L, 376851020L, 1289765116L, 11825138L, -242008832L, 
56563572L, -319430648L, 1810511290L, 1512472016L, 806945772L, 
-474865772L, 321031122L, 928085856L, 1290614092L, -1645748960L, 
690049922L, 2007780072L, -372722452L, -550307268L, -772973710L, 
-145683856L, -2001696732L, 304691000L, 451755162L, -1704693040L, 
1043128508L, -1991088492L, -227088766L, 1257217216L, -1530121924L, 
-60161904L, 84351522L, 1094874632L, 453939468L, 128541340L, -984564206L, 
-1628213888L, -1167561196L, 1311286824L, 1519293754L, 205498320L, 
1528676972L, -1202583756L, 1695380114L, -813401760L, 968843596L, 
1638006752L, 218410914L, -1730185304L, -1192797300L, -1429711172L, 
2124897138L, 2126104816L, 1400248388L, 969063768L, -952466374L, 
-176364688L, 1712079932L, -1707869420L, 1576454594L, -207204128L, 
1636829052L, 1134325456L, 204859042L, -693042136L, -1623979764L, 
-1185569860L, 626421042L, 300892096L, 44954164L, 904858568L, 
1562248378L, 781823888L, -1066048020L, 891281492L, 29175442L, 
-2009539808L, 1291066828L, -854340640L, -73624894L, 1657268776L, 
1783750316L, -1577995588L, -3341838L, 1731561776L, 1194054844L, 
-359469779L, 1722883799L, 606807840L, -1045409666L, 875148875L, 
309791821L, -712338822L, -258569544L, 1008042081L, -2055880173L, 
1441466420L, -1933998526L, -1912335785L, 1785258401L, -980147610L, 
-1678228892L, -1673719403L, -250950977L, 1149334104L, 693053046L, 
513079939L, -824566075L, 1145506786L, -122763696L, 410489721L, 
-969803605L, 366792732L, 1881325386L, 1293973311L, -106231415L, 
-1574086242L, -132100020L, 717019677L, 1902819239L, -1292399920L, 
330783854L, -1873566949L, 341400701L, 1203040874L, 1572061960L, 
-1727542351L, 10746915L, -289139420L, 1417507282L, -348024281L, 
1684569201L, 122954422L, -1337414060L, -1133751579L, -278475025L, 
1177266728L, -868123002L, -342542157L, 810602005L, 1463705714L, 
-77083456L, -1655062231L, 1905096603L, 222351468L, 1496736890L, 
2146586031L, 1784368313L, 1520875214L, 1869665308L, -1144387699L, 
-777006601L, -2036890368L, 661345118L, -1392225237L, 344361773L, 
492402586L, -553515688L, 2122262721L, -705923213L, 1313479828L, 
-473618142L, -1735075785L, 54593793L, 986831878L, -1054672316L, 
1391334261L, 1736562399L, -324906440L, -2140087786L, -1208889821L, 
1996188133L, -1562871806L, -137973136L, -53618663L, 402616843L, 
-914368260L, -480090838L, -1289430177L, -682186007L, 584790526L, 
913620460L, -559977155L, 1101960455L, 1735218416L, -150148978L, 
-1430740293L, -917636451L, -39510454L, -1209424792L, 1114651729L, 
-462633149L, -699399612L, -1857261326L, -1903084345L, 802170513L, 
-1818806250L, -1572371852L, -1018751739L, -207713457L, -1575140024L, 
-627476250L, 1739386387L, -872558219L, 656155986L, -1825217120L, 
-1740270455L, 1640862907L, -707254516L, -147943782L, -1144966129L, 
1973203033L, 1000013038L, -836814980L, -213933075L, -1649505129L, 
-1035675808L, 225873726L, 508882955L, 247396493L, 1936769466L, 
-473706504L, -373560415L, 1573242195L, -1965097868L, -932983294L, 
-1724350313L, 617632353L, -1810077018L, 865464996L, -1541761195L, 
-1445094401L, -970847592L, -1647366218L, -897481661L, 1968905605L, 
